262867095574715710800122264218775921190688512351322912988768546548965057488038520297732809557798990384937253367558030396138781311520816977333390743610591169064763177612036315549483574682857678973622809520938190359148328978291243728938277391899781060352511466689194543766149160874342607190065481040091320156160
236400723764594378133069066859313172503642823474389364669619919114637190559146361335661348945339476853018846689763326774181588711541895085353040374871487621462954352383289996370649157505547928900827289086315030988007446917408127389402750311686086658768369468795652351396686192221225749935057903404857360908288
340627179621424757464866607022283213789103430358821792971023652123790656455031467989027569833041090710242037212056946319920739699477837835682869637403535528614651063539678253877416048560715381485755634479518996420980521978221242963279245427230589140959522017664983271598064534753770769554399934953106790416384
297521039346590716822976198964002648049551304712509308039726834111660564699314714718824367979951803665211940185010173048058852325973758314696845166936588506748269318359858505608671548397944078152180411834128258176768311224818247963524011944165299212575896728838068614800759460518491045559982586451804045705216
262867095574715710800122264218775921190688512351322912988768546548965057488038520297732809557798990384937253367558030396138781311520816977333390743610591169064763177612036315549483574682857678973622809520938190359148328978291243728938277391899781060352511466689194543766149160874342607190065481040091320156160
262867095574715710800122264218775921190688512351322912988768546548965057488038520297732809557798990384937253367558030396138781311520816977333390743610591169064763177612036315549483574682857678973622809520938190359148328978291243728938277391899781060352511466689194543766149160874342607190065481040091320156160
204192354086085576844646916148668740151091895244982784740905669110857885776853678268301229779547689628217963033569829955896679591421571860328012094636703203911186221105730372543553739180279596415760938474999599843731914651427713149558112177845866416620310450658225494883504165752577980242388171034705694556160
264671416950466186233415365406630844169711628517774520100002504662355906576397373974629345437737267106541608036208732996681020644988555264761470651052618079968995965906749755909818330773178838265050080650951253708905615961462011652726610873089280950539794471222917330532166027379855376019130365715620913217536
290025561116497327045188749482765877028675892721689422704803091889901024390893373294565851712212726818053169800592625460495306674394955010433590724150252514835956190425488846670580134584776967101197268655775636481417151334217320029922108677039166884647314631397366135117597880516468763550299659806066786435072
346589624051055615682136878037968373539397452166202859954920169868510934160496547408200721122971173242227856858888449748106255937990229147680313617661839693763694439760383464976322807872194383368258275283644429248499591255298924635129141539736217387848798691356237981383511244452549981433878875269950152376320
331225159543026293556753094989829227729796668082148876739010846621776069006471258114288401141468382321125482255170280971743166821606553319587168136902937959170729855859830061025596860685993235910980523755806054138699041967578243510390482976633018933232109840078448261760537571480140335279807082843438644723712
184165799687300827343035765690009821693842134619711478119717824071933959756535202891409801112527024138523900495864961824330424743045847509812290684625221360014894981571192731642312160480962237896601333519172068912376027095776574536925564527223723323184458612584008708672600661717407788186222033999929278464000
265690907288342823757554431644440111575657983559474611263324734142211750046647895707937634538618337171637018237526716275567554433458794877696286000274777760294429610301699647245788425361847588717632237521172234200178824833855265248901168623777364773825531690178928952144836461340436966364665905150072499208192
249554539315289383399973522421883635539053860245401947506161510670263686853455748324491031769473176221093285183302248602720466310347086192842282303170390137091578315704505322069072981056634232771262944130707546011865570858859386193133150097275866613239267321957360424275448233228299295462303050262054982123520
296539674214412395633998788180729638640803545125270143290179442408534459974028535624408973341703662902814530488606984924128325803167999935415461047701614222047776905343987891830644234243074124382199922110952910171305503194033285538731583761534344092862282033318759363960155301707016122853159720964816445112320
278451626447098439955924919027426537543346224588127305988235721821760029784844488221364732298399147578429277338154082577471837431348629457767153576951166957856635101701348366560441045222713692963738454215217388829189041266227748008897056609073623318892668188247878059680878293698354261874663620600289996832768
255155676894325761868972764929943418124129761926469228620439105174918288349110470605952704836473289598092347362833237534033522230430392766296631113034347904756118377921333325359281143673124977560099933207610846532390189892865027117328725987030178135127959203635740943203411568920769739026530962080182640312320
277625647244757648580012390558737458772104302649806538659672599957975892534315528135731965978932713337375594190522634709184985290956557678603221760264535881837500073578866707793747493593841615302175890513915387050617848590302749473815191961601865394059182448727804996444230961743041276715899991869138348802048
248726558285702243512337890805799294152442245542396442885042343004665943359356320100807470612243240908181332888786701229361225186946884543997447866079698489591713857211588435524183188009422425317208953566446202145398149700855316639504350731497434510245254332896636743470814840278869836944766476287518124802048
212709814321441892501223099647805427535939918722984268939855115086200835161576271192169526423221379852850221128021502761393061984559207870881186554263436150144862250336897988411143137951377291911409803958951494613594807747513417713829354489168327883239891407205943368185297840562273215790263881297241137217536
271633483836159592705836481664202869673176130881641848128407785178612090401433278870404350887057699476738177254125969842434032101382944798935423058988747135652995334152963119516166618359994197146542300346101469611386966954041121801578475159071484070307045854337156096550082083019710789055365992749367033856000
260606624950331497022493650536407448972062043690918523340698350845790011979708518024237703511464088310985875129411250723083176415657196897519968331006281206711756061854452681322683394559660794021332299027676324237048792068916987872616638610139568381803633627161488689080219841547026804252273791592388792156160
210729406282957536214499887900788822537434705841285766506804378648148580023406694825933444218242035337233602416880908658971881484136009435762038290671394492908252650543680672037709023282148284748013318017547355219926245193221482958575734245671945634570869669541401256526636669123117757417861383123196843130880
355722206777351303025389374075354460660679654041465380227294644254306295844850115874409579968060303895787058797864490267637592177079773674714549667848656977667730874531808246696126601206386640354609141389492752486871829433950318360418062222942851504834974462244102948701862671299656811957291064985574745047040
239445746937315742484789881200039146133450184783514816133053081853427144215954468874732305316101018504085078116599969414273239395104773154796423782336381347412605338441135766607728539543411171979461542041559522275638978346561445346322950304817583183201370477827274335515163981733526347222061658236521117908992
262867095574715710800122264218775921190688512351322912988768546548965057488038520297732809557798990384937253367558030396138781311520816977333390743610591169064763177612036315549483574682857678973622809520938190359148328978291243728938277391899781060352511466689194543766149160874342607190065481040091320156160
241912747753563471076289545497523069847578391653654173154375862249554239250276848551175187084101850485888451037328186893517684338906928600638512841849730477301156399138034237223987049850589374104225268836073282999712865118395533037309759084777668424179332482923981383239031334275681069444605164907017350938624
210729406282957536214499887900788822537434705841285766506804378648148580023406694825933444218242035337233602416880908658971881484136009435762038290671394492908252650543680672037709023282148284748013318017547355219926245193221482958575734245671945634570869669541401256526636669123117757417861383123196843130880
311401215462995492698037002194641210135823124199550177546330953705958583317123885103836374426128676281343608271920743847628242714515800638463934553069683494933889859746372662819863624052972988312690630565602204683551218260294272761126956094147764063239912901215036520204967067513827996575571846856064133758976
207452473880911643075948754038704727172935542330904273162732369260176162639091896513088866580442428560620472754965298045162471869041681111098349091149355369284869981543319741701167685143614950860570237738214850294572341495225798989979258661752790136349899435814119599469749536619167611101797446498562416312320
184165799687300827343035765690009821693842134619711478119717824071933959756535202891409801112527024138523900495864961824330424743045847509812290684625221360014894981571192731642312160480962237896601333519172068912376027095776574536925564527223723323184458612584008708672600661717407788186222033999929278464000
265690907288342823757554431644440111575657983559474611263324734142211750046647895707937634538618337171637018237526716275567554433458794877696286000274777760294429610301699647245788425361847588717632237521172234200178824833855265248901168623777364773825531690178928952144836461340436966364665905150072499208192
231819673134456802730313418214286816961620975640630005281891727352691005181240803001269931470346272985027980663853230193933545678725627468272093792995316505132117362141240729484419636333623749262394926819082016109064054437185409238988869606767980035048389978020796074585968133891756905039110193932132021174272
229631751642095703551803316148842146145835925992904228040854796690935632250391372677361913928791936546616734748404814976688014149961779765282323935909386052698673759278617692991833199274606029511217966600948330170934759586798024879367076540720171178125667630271924373305759382750323886005873791592388792156160
193810417753876520215342218918902717504573822045287115817756191254765269056195782758110352937776365195372107896881565910508302742365170376786378158087129821032749705615081758216282942331328648529352651258522935212071196213337377462581149482123553821664612082204894478844766611866058235769613701898899617218560
247964818621699537273886151891032583590072582115836138063432908767335441588659161438427589639032951054055780929871187925114520572780241454172301270107945405569803409241362578596951833595162743503629452097034618983254755761390613966831884484937912166168337041711249532125500548803738943386844067999858556928000
322297377601682453500766007822453716686166447473015640226787037497903825650338432173059515760184376703322865092290074154710978318413167810416470046580421084614982588901299281124140711986822670558062164782956629312759323322072812006891558529420276350044864637470697195255044802629857852628577193099298057748480
355722206777351303025389374075354460660679654041465380227294644254306295844850115874409579968060303895787058797864490267637592177079773674714549667848656977667730874531808246696126601206386640354609141389492752486871829433950318360418062222942851504834974462244102948701862671299656811957291064985574745047040
271633483836159592705836481664202869673176130881641848128407785178612090401433278870404350887057699476738177254125969842434032101382944798935423058988747135652995334152963119516166618359994197146542300346101469611386966954041121801578475159071484070307045854337156096550082083019710789055365992749367033856000
248956909656902652028814197729187742616438288698200056940317594936163415557834457411194102517198321992738624904357836413993504678420113088348298900178285738456962727815743132375032505162577171866548029864072663198285529277931531320436100328095829247875172692455941122340421636741156082662121462862483652870144
204192354086085576844646916148668740151091895244982784740905669110857885776853678268301229779547689628217963033569829955896679591421571860328012094636703203911186221105730372543553739180279596415760938474999599843731914651427713149558112177845866416620310450658225494883504165752577980242388171034705694556160
265690907288342823757554431644440111575657983559474611263324734142211750046647895707937634538618337171637018237526716275567554433458794877696286000274777760294429610301699647245788425361847588717632237521172234200178824833855265248901168623777364773825531690178928952144836461340436966364665905150072499208192
193435477311359448864916603781448459926647277991122109197499432639983037692288208857967192008194118808328188842302850184263165683142885071046936073937643851173788575872399854500692403403450422386409324384589616508066900858655021874808749750357663297280793588933941570584545319002757997348599983738276697604096
191367088725509117186349907995550059696485376374750966109600677922217389321078353620910631517107945909648704690754108430276041117041912922264778172940572867701771041992942774347598853010756913460956008483299721933887251346260147968857213278934994575117444427190168423742545659584120853303245235976464416899072
231461867632377125651409698589459810021207094645396387456928334619738496679808281639367786300343220299067697653886247172873711572708475616675889653026851647444010107645324179309275852224211316276483574472268353569558431144658912056412144578872090830643308026445664008289822044746169445842565377424085754052608
248725142371507114834689258200467015344378258249125880151313145366558891697184599875819355492963297972635532459268697969433645503883501333602580916487560809754957757574105662355423177028760776691214085808021856274685637250977845518807346703963742096075662714076581733894241736287997935658507639338613799387136
249554539315289383399973522421883635539053860245401947506161510670263686853455748324491031769473176221093285183302248602720466310347086192842282303170390137091578315704505322069072981056634232771262944130707546011865570858859386193133150097275866613239267321957360424275448233228299295462303050262054982123520
235096922809089265399811738020446037647487294989790090037149806591168876717063418674636295592430190708924234668471387460382472203297618233609298226147010073295710397435251602309863912208951592062624573908689776479725448677778168290154173871511707434103179232123900277184551452959509076446434791221149617356800
262867095574715710800122264218775921190688512351322912988768546548965057488038520297732809557798990384937253367558030396138781311520816977333390743610591169064763177612036315549483574682857678973622809520938190359148328978291243728938277391899781060352511466689194543766149160874342607190065481040091320156160
355722206777351303025389374075354460660679654041465380227294644254306295844850115874409579968060303895787058797864490267637592177079773674714549667848656977667730874531808246696126601206386640354609141389492752486871829433950318360418062222942851504834974462244102948701862671299656811957291064985574745047040
184165799687300827343035765690009821693842134619711478119717824071933959756535202891409801112527024138523900495864961824330424743045847509812290684625221360014894981571192731642312160480962237896601333519172068912376027095776574536925564527223723323184458612584008708672600661717407788186222033999929278464000
241912747753563471076289545497523069847578391653654173154375862249554239250276848551175187084101850485888451037328186893517684338906928600638512841849730477301156399138034237223987049850589374104225268836073282999712865118395533037309759084777668424179332482923981383239031334275681069444605164907017350938624
210729406282957536214499887900788822537434705841285766506804378648148580023406694825933444218242035337233602416880908658971881484136009435762038290671394492908252650543680672037709023282148284748013318017547355219926245193221482958575734245671945634570869669541401256526636669123117757417861383123196843130880
210729406282957536214499887900788822537434705841285766506804378648148580023406694825933444218242035337233602416880908658971881484136009435762038290671394492908252650543680672037709023282148284748013318017547355219926245193221482958575734245671945634570869669541401256526636669123117757417861383123196843130880
262867095574715710800122264218775921190688512351322912988768546548965057488038520297732809557798990384937253367558030396138781311520816977333390743610591169064763177612036315549483574682857678973622809520938190359148328978291243728938277391899781060352511466689194543766149160874342607190065481040091320156160
193810417753876520215342218918902717504573822045287115817756191254765269056195782758110352937776365195372107896881565910508302742365170376786378158087129821032749705615081758216282942331328648529352651258522935212071196213337377462581149482123553821664612082204894478844766611866058235769613701898899617218560
205386158593174520457670863621356546548091842504780857594529767187493643345315323949070954617973954131812200663297871304749222056896643237983339345738175317209167197689270850797255345869188943936023251031805392583191794425861419824967518733150431402072403246015708631380813462006319452011747583184777584312320
262867095574715710800122264218775921190688512351322912988768546548965057488038520297732809557798990384937253367558030396138781311520816977333390743610591169064763177612036315549483574682857678973622809520938190359148328978291243728938277391899781060352511466689194543766149160874342607190065481040091320156160
193810417753876520215342218918902717504573822045287115817756191254765269056195782758110352937776365195372107896881565910508302742365170376786378158087129821032749705615081758216282942331328648529352651258522935212071196213337377462581149482123553821664612082204894478844766611866058235769613701898899617218560
299635438162005578554626877825447876811547691100647794099825931886332946601420943661431719219164770337466381671579163706286239148974845097623829150215326849583855835904487367560999791513255175240280985290591414750685484571872952455205455087625412738790405081707157587643336546907376133118528750753772153602048
189577027090990498303038477858925070559601297395773595546525814280920415749185638994683057581073849674208476485967065214075553018487802057136150356914684454375936699017279973964601496160206745213984171612100904930785257271298352658008589658490988954531561941231801380566327045611241693909298723249281208156160
210729406282957536214499887900788822537434705841285766506804378648148580023406694825933444218242035337233602416880908658971881484136009435762038290671394492908252650543680672037709023282148284748013318017547355219926245193221482958575734245671945634570869669541401256526636669123117757417861383123196843130880
263187664567996649791946640567440658369855966591669056529622896621030514940293008324758032431428879242715936766731053484368757994633138415181657254968727546517646919061726864639817342831964322912646323970700305382429056292519010913359444237486282071906443246254893284966278501453630888929983238143759062401024
355722206777351303025389374075354460660679654041465380227294644254306295844850115874409579968060303895787058797864490267637592177079773674714549667848656977667730874531808246696126601206386640354609141389492752486871829433950318360418062222942851504834974462244102948701862671299656811957291064985574745047040
218805014232700637240319631758736851225005705696470053110296360554465303991142834120773405341728162434234387945582915056122422148610315215606489407215554097979446290957226416549391017081772159453986536864387340581167007799118286662753294815982850849134311053567088921405439409090408968296515930921232765026304
200785821718479595217539794861687760370472301917309533525552606340091041054892190112743075003207947464120940011190185791732844793175596736287966777453873300560400758355791011839737290095474392094108032743077283414854391493574189487830552706849068892373241961656209743380759051032902267287093777718389682208768
229448241103324010180516236691966812399318295788985217814420140093023524669719343223743396517382486313032840176912628362733461762186353391724581554216355486020338274877329706126029678012251274504082038371011364169934907980559646919359056788153950079148245198163709026707674990481355706347005164907017350938624
244736175835586276487584847488404180434832780629787510021625033395389044301191284865650963816454522017286313161464506008917059769946021778369638629645187573495633322569061612811206005365423024422936661427893794112206936776247596190736325872328087264146391919700039133066330619157052674153812016843894279897088
313003036897262162547429216303745831813175784973115887152759468073394368052951212085461345926803504333938088351830289933823099001308603767507022723616151010849830774055987791341958879126430115020898853473939452754538019414508542124245478072915124320214985585888554208332995835707819310881449617615044493705216
313003036897262162547429216303745831813175784973115887152759468073394368052951212085461345926803504333938088351830289933823099001308603767507022723616151010849830774055987791341958879126430115020898853473939452754538019414508542124245478072915124320214985585888554208332995835707819310881449617615044493705216
235096922809089265399811738020446037647487294989790090037149806591168876717063418674636295592430190708924234668471387460382472203297618233609298226147010073295710397435251602309863912208951592062624573908689776479725448677778168290154173871511707434103179232123900277184551452959509076446434791221149617356800
291697318752251664932665300530599483766277924772932537710932963735899250658841259422304875605573317072623844465082876632213516698593973174199834731534839950600317707298144742143528534579848994770759169951533065366941606470786480560377602869096052238304313150924780401555394138715242220436663881297241137217536
210729406282957536214499887900788822537434705841285766506804378648148580023406694825933444218242035337233602416880908658971881484136009435762038290671394492908252650543680672037709023282148284748013318017547355219926245193221482958575734245671945634570869669541401256526636669123117757417861383123196843130880
262867095574715710800122264218775921190688512351322912988768546548965057488038520297732809557798990384937253367558030396138781311520816977333390743610591169064763177612036315549483574682857678973622809520938190359148328978291243728938277391899781060352511466689194543766149160874342607190065481040091320156160
262867095574715710800122264218775921190688512351322912988768546548965057488038520297732809557798990384937253367558030396138781311520816977333390743610591169064763177612036315549483574682857678973622809520938190359148328978291243728938277391899781060352511466689194543766149160874342607190065481040091320156160
267875799099250657415393801705686879090311106370799455108525974069134795781339985436932689130959580179082191841268978593481544952265596247961254726687827942230494729110757450779435180908210649772944021338989869611489493027182578542528624921562139093335504683082145625040382178991542530038125694624562405179392
230729748106338771752551995111974642751773774628257921669714154185142986253923379852976812653573212500453250235480487510472796341434463511320639651968177680671328007440742504948515165010732161217263280693218359163917535871124345033366525501269513316496797725493962470836811940863246858467165182857810456608768
229631751642095703551803316148842146145835925992904228040854796690935632250391372677361913928791936546616734748404814976688014149961779765282323935909386052698673759278617692991833199274606029511217966600948330170934759586798024879367076540720171178125667630271924373305759382750323886005873791592388792156160
262867095574715710800122264218775921190688512351322912988768546548965057488038520297732809557798990384937253367558030396138781311520816977333390743610591169064763177612036315549483574682857678973622809520938190359148328978291243728938277391899781060352511466689194543766149160874342607190065481040091320156160
311401215462995492698037002194641210135823124199550177546330953705958583317123885103836374426128676281343608271920743847628242714515800638463934553069683494933889859746372662819863624052972988312690630565602204683551218260294272761126956094147764063239912901215036520204967067513827996575571846856064133758976
263187664567996649791946640567440658369855966591669056529622896621030514940293008324758032431428879242715936766731053484368757994633138415181657254968727546517646919061726864639817342831964322912646323970700305382429056292519010913359444237486282071906443246254893284966278501453630888929983238143759062401024
311401215462995492698037002194641210135823124199550177546330953705958583317123885103836374426128676281343608271920743847628242714515800638463934553069683494933889859746372662819863624052972988312690630565602204683551218260294272761126956094147764063239912901215036520204967067513827996575571846856064133758976
262867095574715710800122264218775921190688512351322912988768546548965057488038520297732809557798990384937253367558030396138781311520816977333390743610591169064763177612036315549483574682857678973622809520938190359148328978291243728938277391899781060352511466689194543766149160874342607190065481040091320156160
262867095574715710800122264218775921190688512351322912988768546548965057488038520297732809557798990384937253367558030396138781311520816977333390743610591169064763177612036315549483574682857678973622809520938190359148328978291243728938277391899781060352511466689194543766149160874342607190065481040091320156160
190825411534315595039624969906022508354423537706683606718273117783044108421789136094392921343974087188087154508148774943507272061340270019119214505660993193473125073553655115127528266387907145562241146548881031594465462641075944110846213616674271228708813046488528404177421250059587216878483536326039925948416
184859908354617537344765447341922350631295143852882272162874766415069258509190888103062160637209178811721410934555780842384065375029623972579877563626353030598520704809893172676894128879714037617100452874739303028821013510442194647946899583588352755381202383257085545745187653948463542690204348902643702169600
291697318752251664932665300530599483766277924772932537710932963735899250658841259422304875605573317072623844465082876632213516698593973174199834731534839950600317707298144742143528534579848994770759169951533065366941606470786480560377602869096052238304313150924780401555394138715242220436663881297241137217536
299635438162005578554626877825447876811547691100647794099825931886332946601420943661431719219164770337466381671579163706286239148974845097623829150215326849583855835904487367560999791513255175240280985290591414750685484571872952455205455087625412738790405081707157587643336546907376133118528750753772153602048
193810417753876520215342218918902717504573822045287115817756191254765269056195782758110352937776365195372107896881565910508302742365170376786378158087129821032749705615081758216282942331328648529352651258522935212071196213337377462581149482123553821664612082204894478844766611866058235769613701898899617218560
191367088725509117186349907995550059696485376374750966109600677922217389321078353620910631517107945909648704690754108430276041117041912922264778172940572867701771041992942774347598853010756913460956008483299721933887251346260147968857213278934994575117444427190168423742545659584120853303245235976464416899072
356158086673684223492582274139393974105426879308132155883249458961719269968934231935523998105278569401379621897348081812241794745850473959764305253682031875129628754579115292623034683742102112179161277877950453115667573881902563131130603224433936132083801739113133153680606199269436033701830229833718232514560
193435477311359448864916603781448459926647277991122109197499432639983037692288208857967192008194118808328188842302850184263165683142885071046936073937643851173788575872399854500692403403450422386409324384589616508066900858655021874808749750357663297280793588933941570584545319002757997348599983738276697604096
262867095574715710800122264218775921190688512351322912988768546548965057488038520297732809557798990384937253367558030396138781311520816977333390743610591169064763177612036315549483574682857678973622809520938190359148328978291243728938277391899781060352511466689194543766149160874342607190065481040091320156160
218805014232700637240319631758736851225005705696470053110296360554465303991142834120773405341728162434234387945582915056122422148610315215606489407215554097979446290957226416549391017081772159453986536864387340581167007799118286662753294815982850849134311053567088921405439409090408968296515930921232765026304
271633483836159592705836481664202869673176130881641848128407785178612090401433278870404350887057699476738177254125969842434032101382944798935423058988747135652995334152963119516166618359994197146542300346101469611386966954041121801578475159071484070307045854337156096550082083019710789055365992749367033856000
200427117416882805683367541500173377883473776138570004459834758635139294804313803275338787884842465387842204829620115923426390115856558008007216288641974264444745663042957249546832560983804639807942367565986544784267819895719955239561778386030016980542438079270043554981187830982197182634030557354455197548544
248956909656902652028814197729187742616438288698200056940317594936163415557834457411194102517198321992738624904357836413993504678420113088348298900178285738456962727815743132375032505162577171866548029864072663198285529277931531320436100328095829247875172692455941122340421636741156082662121462862483652870144
357135320529934045379303830449367801440776392535628393581958441320872562338498866384615144613922429060756921353347436304397955469563692376646267635660221403584366888635590843905397031141848035457739589657580481125851542675186252346019472820305243638695222820770756130209460966127815308354315414559130279477248
331225159543026293556753094989829227729796668082148876739010846621776069006471258114288401141468382321125482255170280971743166821606553319587168136902937959170729855859830061025596860685993235910980523755806054138699041967578243510390482976633018933232109840078448261760537571480140335279807082843438644723712
248956909656902652028814197729187742616438288698200056940317594936163415557834457411194102517198321992738624904357836413993504678420113088348298900178285738456962727815743132375032505162577171866548029864072663198285529277931531320436100328095829247875172692455941122340421636741156082662121462862483652870144
