212796879426026531975459450524725472074308927484056655303020187169867447425536
386433210956641157109727361076741456746198370752693158951046447439853474840744
977253513407880669325631926608303141485961514938000203320657343165473000000000
963158746541947293204511385463173796698889495045654877434704733170633000000000
212796879426026531975459450524725472074308927484056655303020187169867447425536
212796879426026531975459450524725472074308927484056655303020187169867447425536
709520625794682632794137010991727854255434995493855154301183962890625000000000
808933122708356515404960473674018051691972952450180057574852965692831205804544
816406893790704226716249615949200549734044631011313592570220187169867447425536
598847853397497079400117407462054473042320357325016027056463920428645525735936
777171837966970959616913074790458556816615557993855154301183962890625000000000
785418917723172673671360796668626704905028240258466969365262047794608303507968
089848254748198723391631317931163922446282209419443215815020187169867447425536
899232283179421320149165625867741532885893370688269672231843601874577062124032
183950176026389398102389358820968186270875509367973778887890307130944997558784
873046668328485362954317023184843374391057206390183693201977260635237661825536
252932829909927199153402047938913123397080087489803877501263920428645525735936
808613869806698345648956220796263595282844997109865184128452965692831205804544
067443894035507854669407689047875781167886418475230618547170267533086105033216
815105522481927499969340344165490585926206643742198193281200374822068305025536
339295803392007034867651039413639005737887553924197942262230774503446063335936
566408169696555426798790601293807970481164031103757992179815394594946197735936
125983846925303366473554142924692034477711377724380634491662047794608303507968
714278531405426475618090095515691862919057009936484247883243574410398988524032
899232283179421320149165625867741532885893370688269672231843601874577062124032
212796879426026531975459450524725472074308927484056655303020187169867447425536
809965432026515664742485113375933398208176699825366715777746291015625000000000
125983846925303366473554142924692034477711377724380634491662047794608303507968
654004618623606752297315209884290880344437836651335454230863920428645525735936
584503969304675810663265821554145673906825364870528850745623187165473000000000
785418917723172673671360796668626704905028240258466969365262047794608303507968
089848254748198723391631317931163922446282209419443215815020187169867447425536
651765162157141049708025380002258230024160384010475762074381409810817000000000
245180139392885498616133109068990583906026737444548240100843574410398988524032
622087878334275075447260739872437270428318544292221618387882421212144347646464
174007890185840457927869593716882494753840676107633785428157967392961789336064
303220507843936518905041575575582879587695228037250071951830774503446063335936
714278531405426475618090095515691862919057009936484247883243574410398988524032
339295803392007034867651039413639005737887553924197942262230774503446063335936
096945429374155062438940844133139266551839261170817817220576109490817000000000
709520625794682632794137010991727854255434995493855154301183962890625000000000
089848254748198723391631317931163922446282209419443215815020187169867447425536
089397872872262887038697326608481352885353515448779942732625452872468118936064
949213078727750076095691296433011119427077315484903192858481266869986966936064
265576408547809904804610944883196465145995768130466895303020187169867447425536
304304867297467710352384157295341987806633504398310116841460214882213559425536
899232283179421320149165625867741532885893370688269672231843601874577062124032
846318733715021716580944271401690922079046103271137817220576109490817000000000
212796879426026531975459450524725472074308927484056655303020187169867447425536
714278531405426475618090095515691862919057009936484247883243574410398988524032
785418917723172673671360796668626704905028240258466969365262047794608303507968
809965432026515664742485113375933398208176699825366715777746291015625000000000
125983846925303366473554142924692034477711377724380634491662047794608303507968
125983846925303366473554142924692034477711377724380634491662047794608303507968
212796879426026531975459450524725472074308927484056655303020187169867447425536
622087878334275075447260739872437270428318544292221618387882421212144347646464
471817486117514976918922130977762635644054209554578976281666754294433557907968
212796879426026531975459450524725472074308927484056655303020187169867447425536
622087878334275075447260739872437270428318544292221618387882421212144347646464
925996486201073390852900992072613712950979057694901068620625452872468118936064
938832170330296449243418219206553830833723460773416949350378888793141119158784
125983846925303366473554142924692034477711377724380634491662047794608303507968
295749066195064524783696532816077798112098692102237723980770267533086105033216
714278531405426475618090095515691862919057009936484247883243574410398988524032
881873324207146034985515686404482650747091841139609435123687425316871244204544
151456097553289281797223890635918536105062098891105524333482421212144347646464
206230960368223963764114370433225674412394724569876305429433791015625000000000
946544452333234538390378230928260506775516449574147610391089849330633000000000
856437452592325359187127293325621062161728113287377864916922230727977000000000
856437452592325359187127293325621062161728113287377864916922230727977000000000
846318733715021716580944271401690922079046103271137817220576109490817000000000
838742231316804327155785848885725491967666580058466227389772888483125697747456
125983846925303366473554142924692034477711377724380634491662047794608303507968
212796879426026531975459450524725472074308927484056655303020187169867447425536
212796879426026531975459450524725472074308927484056655303020187169867447425536
042696446170775940635139877428678027874518543550016374158243601874577062124032
798703703075395364401342661752322599628646144435937817220576109490817000000000
245180139392885498616133109068990583906026737444548240100843574410398988524032
212796879426026531975459450524725472074308927484056655303020187169867447425536
654004618623606752297315209884290880344437836651335454230863920428645525735936
295749066195064524783696532816077798112098692102237723980770267533086105033216
654004618623606752297315209884290880344437836651335454230863920428645525735936
212796879426026531975459450524725472074308927484056655303020187169867447425536
212796879426026531975459450524725472074308927484056655303020187169867447425536
407459366974787213912623217437327989471716161967427379117000834828666751158784
497487492026629950476562309896481527867372396422035555814930511965473000000000
838742231316804327155785848885725491967666580058466227389772888483125697747456
925996486201073390852900992072613712950979057694901068620625452872468118936064
622087878334275075447260739872437270428318544292221618387882421212144347646464
949213078727750076095691296433011119427077315484903192858481266869986966936064
000812891546560320485007855637762606680240655614020250605757967392961789336064
089397872872262887038697326608481352885353515448779942732625452872468118936064
212796879426026531975459450524725472074308927484056655303020187169867447425536
881873324207146034985515686404482650747091841139609435123687425316871244204544
339295803392007034867651039413639005737887553924197942262230774503446063335936
153639043603966784687540919567349052979193822616177864916922230727977000000000
096945429374155062438940844133139266551839261170817817220576109490817000000000
583778315991641396706502708135587922519952150549321867785457872605473000000000
777171837966970959616913074790458556816615557993855154301183962890625000000000
096945429374155062438940844133139266551839261170817817220576109490817000000000
798703703075395364401342661752322599628646144435937817220576109490817000000000
212796879426026531975459450524725472074308927484056655303020187169867447425536
345335131045542353396015845617885354843377601331287295914483033667494063507968
303220507843936518905041575575582879587695228037250071951830774503446063335936
930042399426341776080399163147748708712943879301921469839830774503446063335936
968296548237304803075188573952064907027097000438261266047825452872468118936064
877830122736806262803773694026528644120579631216054241940690307130944997558784
200018640801758435202879570404417882794546507366294877434704733170633000000000
816406893790704226716249615949200549734044631011313592570220187169867447425536
096945429374155062438940844133139266551839261170817817220576109490817000000000
212796879426026531975459450524725472074308927484056655303020187169867447425536
212796879426026531975459450524725472074308927484056655303020187169867447425536
968296548237304803075188573952064907027097000438261266047825452872468118936064
125983846925303366473554142924692034477711377724380634491662047794608303507968
381841836323405770610456321544097807054796241887606844546787454070366256536064
846318733715021716580944271401690922079046103271137817220576109490817000000000
569824675737755968786038627613549336470941185767548751712620187169867447425536
815105522481927499969340344165490585926206643742198193281200374822068305025536
325428059220439239659151646704563013622996210245367242127830774503446063335936
042696446170775940635139877428678027874518543550016374158243601874577062124032
174007890185840457927869593716882494753840676107633785428157967392961789336064
899232283179421320149165625867741532885893370688269672231843601874577062124032
396478300638557397352262259623507974258621230645402576694948415747286694124032
279832430161145458100977553008070383241040896700090543903746462890625000000000
000812891546560320485007855637762606680240655614020250605757967392961789336064
899232283179421320149165625867741532885893370688269672231843601874577062124032
355115586361169381765845258345771524266896796189820025428157967392961789336064
946739025865776800090624270842758314485192420471937817220576109490817000000000
125983846925303366473554142924692034477711377724380634491662047794608303507968
212796879426026531975459450524725472074308927484056655303020187169867447425536
798703703075395364401342661752322599628646144435937817220576109490817000000000
000812891546560320485007855637762606680240655614020250605757967392961789336064
089397872872262887038697326608481352885353515448779942732625452872468118936064
257884139598207316456682148684261843717043208056448468198225452872468118936064
089848254748198723391631317931163922446282209419443215815020187169867447425536
644705224415345651280145436282326061830690548129230978174443574410398988524032
265576408547809904804610944883196465145995768130466895303020187169867447425536
212796879426026531975459450524725472074308927484056655303020187169867447425536
654004618623606752297315209884290880344437836651335454230863920428645525735936
809926197611863019883221834004798648566318660453988592276690307130944997558784
125983846925303366473554142924692034477711377724380634491662047794608303507968
654004618623606752297315209884290880344437836651335454230863920428645525735936
809926197611863019883221834004798648566318660453988592276690307130944997558784
050384345445681649512527985861365522535679446846089491098093197405473000000000
120927563342032953339391304175373787117952781416715762074381409810817000000000
212796879426026531975459450524725472074308927484056655303020187169867447425536
125983846925303366473554142924692034477711377724380634491662047794608303507968
494406205605382386490273435406797442891753519007720452598684327507724328147456
970177751740186066022389437656054813244933687413846447483247412210633000000000
139633660346477701491902220161076046794268555454326447483247412210633000000000
785418917723172673671360796668626704905028240258466969365262047794608303507968
654004618623606752297315209884290880344437836651335454230863920428645525735936
946739025865776800090624270842758314485192420471937817220576109490817000000000
286240748007798694299521210139868826068694952613515762074381409810817000000000
900802481566823939149429136262366755792567406039833847007746462890625000000000
889557302765556749307316027711732525964170724569876305429433791015625000000000
212796879426026531975459450524725472074308927484056655303020187169867447425536
968296548237304803075188573952064907027097000438261266047825452872468118936064
355115586361169381765845258345771524266896796189820025428157967392961789336064
125983846925303366473554142924692034477711377724380634491662047794608303507968
808933122708356515404960473674018051691972952450180057574852965692831205804544
120927563342032953339391304175373787117952781416715762074381409810817000000000
245180139392885498616133109068990583906026737444548240100843574410398988524032
206230960368223963764114370433225674412394724569876305429433791015625000000000
125983846925303366473554142924692034477711377724380634491662047794608303507968
968296548237304803075188573952064907027097000438261266047825452872468118936064
135201853966432536126937472091113988644939117519990579117000834828666751158784
206230960368223963764114370433225674412394724569876305429433791015625000000000
224693931711229019633785332479465187860125111900348486591580614365473000000000
714278531405426475618090095515691862919057009936484247883243574410398988524032
651765162157141049708025380002258230024160384010475762074381409810817000000000
497487492026629950476562309896481527867372396422035555814930511965473000000000
809926197611863019883221834004798648566318660453988592276690307130944997558784
089397872872262887038697326608481352885353515448779942732625452872468118936064
877830122736806262803773694026528644120579631216054241940690307130944997558784
525689527122145280390745391614403451107095137841654877434704733170633000000000
212796879426026531975459450524725472074308927484056655303020187169867447425536
672995696140319851151987583380268926829791871565992148347662047794608303507968
838742231316804327155785848885725491967666580058466227389772888483125697747456
174007890185840457927869593716882494753840676107633785428157967392961789336064
899232283179421320149165625867741532885893370688269672231843601874577062124032
325428059220439239659151646704563013622996210245367242127830774503446063335936
963158746541947293204511385463173796698889495045654877434704733170633000000000
279832430161145458100977553008070383241040896700090543903746462890625000000000
787934274584883767835897810847591147894314077933861061469093001434371557558784
925996486201073390852900992072613712950979057694901068620625452872468118936064
125983846925303366473554142924692034477711377724380634491662047794608303507968
187150841334609948541926589721165270040411538811515348216059470142662696147456
137820734451782334777620278994263047268922453307116106346148415747286694124032
905180754282337003388186085600145721766426300692559363746842408530633000000000
183950176026389398102389358820968186270875509367973778887890307130944997558784
873046668328485362954317023184843374391057206390183693201977260635237661825536
125983846925303366473554142924692034477711377724380634491662047794608303507968
846318733715021716580944271401690922079046103271137817220576109490817000000000
714278531405426475618090095515691862919057009936484247883243574410398988524032
212796879426026531975459450524725472074308927484056655303020187169867447425536
089848254748198723391631317931163922446282209419443215815020187169867447425536
125983846925303366473554142924692034477711377724380634491662047794608303507968
899232283179421320149165625867741532885893370688269672231843601874577062124032
900802481566823939149429136262366755792567406039833847007746462890625000000000
224693931711229019633785332479465187860125111900348486591580614365473000000000
990588515183946394021359713081804826360977723537173467056463920428645525735936
877830122736806262803773694026528644120579631216054241940690307130944997558784
125983846925303366473554142924692034477711377724380634491662047794608303507968
125983846925303366473554142924692034477711377724380634491662047794608303507968
816406893790704226716249615949200549734044631011313592570220187169867447425536
137820734451782334777620278994263047268922453307116106346148415747286694124032
149072760252741340151733732190174928033022951153135971725287425316871244204544
845227760618907578103667905189076637799929169220004015105681950734024767724032
691384600023470816945370302074301750101905107884747442448111792875232331958784
350678692558881809574542290472917010995529095517667082564083033667494063507968
061170333416810252507253106611914752408119317521538467546955363837452737747456
212796879426026531975459450524725472074308927484056655303020187169867447425536
946739025865776800090624270842758314485192420471937817220576109490817000000000
787934274584883767835897810847591147894314077933861061469093001434371557558784
407459366974787213912623217437327989471716161967427379117000834828666751158784
525689527122145280390745391614403451107095137841654877434704733170633000000000
963158746541947293204511385463173796698889495045654877434704733170633000000000
279832430161145458100977553008070383241040896700090543903746462890625000000000
192053299499518081471732880574934753910463430534519981813049292370633000000000
125983846925303366473554142924692034477711377724380634491662047794608303507968
838742231316804327155785848885725491967666580058466227389772888483125697747456
206230960368223963764114370433225674412394724569876305429433791015625000000000
808933122708356515404960473674018051691972952450180057574852965692831205804544
125983846925303366473554142924692034477711377724380634491662047794608303507968
968296548237304803075188573952064907027097000438261266047825452872468118936064
644705224415345651280145436282326061830690548129230978174443574410398988524032
212796879426026531975459450524725472074308927484056655303020187169867447425536
873046668328485362954317023184843374391057206390183693201977260635237661825536
925996486201073390852900992072613712950979057694901068620625452872468118936064
350678692558881809574542290472917010995529095517667082564083033667494063507968
125983846925303366473554142924692034477711377724380634491662047794608303507968
471817486117514976918922130977762635644054209554578976281666754294433557907968
212796879426026531975459450524725472074308927484056655303020187169867447425536
381841836323405770610456321544097807054796241887606844546787454070366256536064
968296548237304803075188573952064907027097000438261266047825452872468118936064
151456097553289281797223890635918536105062098891105524333482421212144347646464
946544452333234538390378230928260506775516449574147610391089849330633000000000
212796879426026531975459450524725472074308927484056655303020187169867447425536
441724492213457832829989547110580795478044817551276949597084327507724328147456
206230960368223963764114370433225674412394724569876305429433791015625000000000
381841836323405770610456321544097807054796241887606844546787454070366256536064
434379984496781507659519937717771702079206091082184458167334748449019365558784
212796879426026531975459450524725472074308927484056655303020187169867447425536
970177751740186066022389437656054813244933687413846447483247412210633000000000
134804209381173142847924527937693841145134142322167840566948415747286694124032
289373311216791199880941364655904092863183206763510181185355363837452737747456
785418917723172673671360796668626704905028240258466969365262047794608303507968
714278531405426475618090095515691862919057009936484247883243574410398988524032
709520625794682632794137010991727854255434995493855154301183962890625000000000
809965432026515664742485113375933398208176699825366715777746291015625000000000
977253513407880669325631926608303141485961514938000203320657343165473000000000
991702645890913832504717416773087360415995254565257596642650772097991105747456
200018640801758435202879570404417882794546507366294877434704733170633000000000
938832170330296449243418219206553830833723460773416949350378888793141119158784
714278531405426475618090095515691862919057009936484247883243574410398988524032
325428059220439239659151646704563013622996210245367242127830774503446063335936
355115586361169381765845258345771524266896796189820025428157967392961789336064
339295803392007034867651039413639005737887553924197942262230774503446063335936
125983846925303366473554142924692034477711377724380634491662047794608303507968
968296548237304803075188573952064907027097000438261266047825452872468118936064
905180754282337003388186085600145721766426300692559363746842408530633000000000
303220507843936518905041575575582879587695228037250071951830774503446063335936
125983846925303366473554142924692034477711377724380634491662047794608303507968
691384600023470816945370302074301750101905107884747442448111792875232331958784
877830122736806262803773694026528644120579631216054241940690307130944997558784
089848254748198723391631317931163922446282209419443215815020187169867447425536
050384345445681649512527985861365522535679446846089491098093197405473000000000
052511131360680470153532851283363845712219490539159128908625452872468118936064
497487492026629950476562309896481527867372396422035555814930511965473000000000
212796879426026531975459450524725472074308927484056655303020187169867447425536
212796879426026531975459450524725472074308927484056655303020187169867447425536
949213078727750076095691296433011119427077315484903192858481266869986966936064
224693931711229019633785332479465187860125111900348486591580614365473000000000
889557302765556749307316027711732525964170724569876305429433791015625000000000
624835056167675888001860637898278840707298331176156794586955363837452737747456
212796879426026531975459450524725472074308927484056655303020187169867447425536
143840738458276538052596411156955981914177634741098700894777260635237661825536
200018640801758435202879570404417882794546507366294877434704733170633000000000
946544452333234538390378230928260506775516449574147610391089849330633000000000
279832430161145458100977553008070383241040896700090543903746462890625000000000
808933122708356515404960473674018051691972952450180057574852965692831205804544
816406893790704226716249615949200549734044631011313592570220187169867447425536
212796879426026531975459450524725472074308927484056655303020187169867447425536
991702645890913832504717416773087360415995254565257596642650772097991105747456
000812891546560320485007855637762606680240655614020250605757967392961789336064
364418202158984035601820168931995430932061235060413725653433791015625000000000
212796879426026531975459450524725472074308927484056655303020187169867447425536
125983846925303366473554142924692034477711377724380634491662047794608303507968
212796879426026531975459450524725472074308927484056655303020187169867447425536
968296548237304803075188573952064907027097000438261266047825452872468118936064
212796879426026531975459450524725472074308927484056655303020187169867447425536
881873324207146034985515686404482650747091841139609435123687425316871244204544
953150021978067975067692250845427882547371524886835736552810604487977000000000
566408169696555426798790601293807970481164031103757992179815394594946197735936
139633660346477701491902220161076046794268555454326447483247412210633000000000
345335131045542353396015845617885354843377601331287295914483033667494063507968
849048416714873854731077896058910076854712400826234629132358298891774642604544
785418917723172673671360796668626704905028240258466969365262047794608303507968
224693931711229019633785332479465187860125111900348486591580614365473000000000
651067780202824768877179203658276034790054546545056013641050772097991105747456
381841836323405770610456321544097807054796241887606844546787454070366256536064
149072760252741340151733732190174928033022951153135971725287425316871244204544
125983846925303366473554142924692034477711377724380634491662047794608303507968
212796879426026531975459450524725472074308927484056655303020187169867447425536
889557302765556749307316027711732525964170724569876305429433791015625000000000
970177751740186066022389437656054813244933687413846447483247412210633000000000
970177751740186066022389437656054813244933687413846447483247412210633000000000
212796879426026531975459450524725472074308927484056655303020187169867447425536
925996486201073390852900992072613712950979057694901068620625452872468118936064
446694299059324051183819505240697310904390127213344550286243601874577062124032
946739025865776800090624270842758314485192420471937817220576109490817000000000
305782826836478054348800112216678236149752285181976672749532568968721893558784
900802481566823939149429136262366755792567406039833847007746462890625000000000
000812891546560320485007855637762606680240655614020250605757967392961789336064
599053326379345645448269750319242186083766223514290728725262047794608303507968
125983846925303366473554142924692034477711377724380634491662047794608303507968
849048416714873854731077896058910076854712400826234629132358298891774642604544
651765162157141049708025380002258230024160384010475762074381409810817000000000
089848254748198723391631317931163922446282209419443215815020187169867447425536
139633660346477701491902220161076046794268555454326447483247412210633000000000
946544452333234538390378230928260506775516449574147610391089849330633000000000
067443894035507854669407689047875781167886418475230618547170267533086105033216
714278531405426475618090095515691862919057009936484247883243574410398988524032
785418917723172673671360796668626704905028240258466969365262047794608303507968
200018640801758435202879570404417882794546507366294877434704733170633000000000
137820734451782334777620278994263047268922453307116106346148415747286694124032
089397872872262887038697326608481352885353515448779942732625452872468118936064
261844109955414811039456778820484061296763146700090543903746462890625000000000
279832430161145458100977553008070383241040896700090543903746462890625000000000
224693931711229019633785332479465187860125111900348486591580614365473000000000
089848254748198723391631317931163922446282209419443215815020187169867447425536
143840738458276538052596411156955981914177634741098700894777260635237661825536
691384600023470816945370302074301750101905107884747442448111792875232331958784
877830122736806262803773694026528644120579631216054241940690307130944997558784
245180139392885498616133109068990583906026737444548240100843574410398988524032
714278531405426475618090095515691862919057009936484247883243574410398988524032
873046668328485362954317023184843374391057206390183693201977260635237661825536
120927563342032953339391304175373787117952781416715762074381409810817000000000
569824675737755968786038627613549336470941185767548751712620187169867447425536
212796879426026531975459450524725472074308927484056655303020187169867447425536
717595261413764985587067504359396688238926273054721572739060214882213559425536
838742231316804327155785848885725491967666580058466227389772888483125697747456
212796879426026531975459450524725472074308927484056655303020187169867447425536
806202945964949045417245074120291488228141378134486447483247412210633000000000
339295803392007034867651039413639005737887553924197942262230774503446063335936
174007890185840457927869593716882494753840676107633785428157967392961789336064
212796879426026531975459450524725472074308927484056655303020187169867447425536
595793820385005574698874231731835618206214195087369491098093197405473000000000
683422140945948220793700100510108998317837573905678207227183791015625000000000
846318733715021716580944271401690922079046103271137817220576109490817000000000
212796879426026531975459450524725472074308927484056655303020187169867447425536
709520625794682632794137010991727854255434995493855154301183962890625000000000
714278531405426475618090095515691862919057009936484247883243574410398988524032
279832430161145458100977553008070383241040896700090543903746462890625000000000
381841836323405770610456321544097807054796241887606844546787454070366256536064
089397872872262887038697326608481352885353515448779942732625452872468118936064
261844109955414811039456778820484061296763146700090543903746462890625000000000
798703703075395364401342661752322599628646144435937817220576109490817000000000
569824675737755968786038627613549336470941185767548751712620187169867447425536
261844109955414811039456778820484061296763146700090543903746462890625000000000
212796879426026531975459450524725472074308927484056655303020187169867447425536
873046668328485362954317023184843374391057206390183693201977260635237661825536
096945429374155062438940844133139266551839261170817817220576109490817000000000
174007890185840457927869593716882494753840676107633785428157967392961789336064
135201853966432536126937472091113988644939117519990579117000834828666751158784
125983846925303366473554142924692034477711377724380634491662047794608303507968
139633660346477701491902220161076046794268555454326447483247412210633000000000
714278531405426475618090095515691862919057009936484247883243574410398988524032
260550898372007188654976909651383914656837840478480065114087425316871244204544
990588515183946394021359713081804826360977723537173467056463920428645525735936
968296548237304803075188573952064907027097000438261266047825452872468118936064
444836429537459982302434776703154790739557110605969539891178888793141119158784
212796879426026531975459450524725472074308927484056655303020187169867447425536
381841836323405770610456321544097807054796241887606844546787454070366256536064
970177751740186066022389437656054813244933687413846447483247412210633000000000
970177751740186066022389437656054813244933687413846447483247412210633000000000
982199121138277541231025811558323122230515859901863650711231905001929803958784
968296548237304803075188573952064907027097000438261266047825452872468118936064
212796879426026531975459450524725472074308927484056655303020187169867447425536
125983846925303366473554142924692034477711377724380634491662047794608303507968
991702645890913832504717416773087360415995254565257596642650772097991105747456
089848254748198723391631317931163922446282209419443215815020187169867447425536
269763674510130455586146919002292717341560998810085922424330291577176795646464
125983846925303366473554142924692034477711377724380634491662047794608303507968
584901088713880085462350196483727210279096119578294328578274511016854604204544
125983846925303366473554142924692034477711377724380634491662047794608303507968
267800886547742292114200631650169666308722636323890329365262047794608303507968
245180139392885498616133109068990583906026737444548240100843574410398988524032
816406893790704226716249615949200549734044631011313592570220187169867447425536
261844109955414811039456778820484061296763146700090543903746462890625000000000
112971744594402351761288482380137815536840404234781281534442128370633000000000
949213078727750076095691296433011119427077315484903192858481266869986966936064
497487492026629950476562309896481527867372396422035555814930511965473000000000
212796879426026531975459450524725472074308927484056655303020187169867447425536
968296548237304803075188573952064907027097000438261266047825452872468118936064
067443894035507854669407689047875781167886418475230618547170267533086105033216
212796879426026531975459450524725472074308927484056655303020187169867447425536
434379984496781507659519937717771702079206091082184458167334748449019365558784
303220507843936518905041575575582879587695228037250071951830774503446063335936
189796189472500837640261031095390561996167671448629778640548415747286694124032
355115586361169381765845258345771524266896796189820025428157967392961789336064
303220507843936518905041575575582879587695228037250071951830774503446063335936
899232283179421320149165625867741532885893370688269672231843601874577062124032
212796879426026531975459450524725472074308927484056655303020187169867447425536
654004618623606752297315209884290880344437836651335454230863920428645525735936
245180139392885498616133109068990583906026737444548240100843574410398988524032
614399281070568787725481845203356647806773525409232762665430774503446063335936
153639043603966784687540919567349052979193822616177864916922230727977000000000
916214077924840242291946308902058252246998113036056256195484327507724328147456
968296548237304803075188573952064907027097000438261266047825452872468118936064
355115586361169381765845258345771524266896796189820025428157967392961789336064
212796879426026531975459450524725472074308927484056655303020187169867447425536
494406205605382386490273435406797442891753519007720452598684327507724328147456
507077084120012395214208201162684922428361383538753177641893001434371557558784
096945429374155062438940844133139266551839261170817817220576109490817000000000
212796879426026531975459450524725472074308927484056655303020187169867447425536
571455103899899087644812273483157064569663629408443569690800374822068305025536
183950176026389398102389358820968186270875509367973778887890307130944997558784
982199121138277541231025811558323122230515859901863650711231905001929803958784
050384345445681649512527985861365522535679446846089491098093197405473000000000
096945429374155062438940844133139266551839261170817817220576109490817000000000
873046668328485362954317023184843374391057206390183693201977260635237661825536
137820734451782334777620278994263047268922453307116106346148415747286694124032
212796879426026531975459450524725472074308927484056655303020187169867447425536
137820734451782334777620278994263047268922453307116106346148415747286694124032
651765162157141049708025380002258230024160384010475762074381409810817000000000
525689527122145280390745391614403451107095137841654877434704733170633000000000
856437452592325359187127293325621062161728113287377864916922230727977000000000
905180754282337003388186085600145721766426300692559363746842408530633000000000
125983846925303366473554142924692034477711377724380634491662047794608303507968
672995696140319851151987583380268926829791871565992148347662047794608303507968
303220507843936518905041575575582879587695228037250071951830774503446063335936
651765162157141049708025380002258230024160384010475762074381409810817000000000
497487492026629950476562309896481527867372396422035555814930511965473000000000
946739025865776800090624270842758314485192420471937817220576109490817000000000
691384600023470816945370302074301750101905107884747442448111792875232331958784
149072760252741340151733732190174928033022951153135971725287425316871244204544
174007890185840457927869593716882494753840676107633785428157967392961789336064
899232283179421320149165625867741532885893370688269672231843601874577062124032
269763674510130455586146919002292717341560998810085922424330291577176795646464
212796879426026531975459450524725472074308927484056655303020187169867447425536
785418917723172673671360796668626704905028240258466969365262047794608303507968
224693931711229019633785332479465187860125111900348486591580614365473000000000
212796879426026531975459450524725472074308927484056655303020187169867447425536
206230960368223963764114370433225674412394724569876305429433791015625000000000
305782826836478054348800112216678236149752285181976672749532568968721893558784
899232283179421320149165625867741532885893370688269672231843601874577062124032
125983846925303366473554142924692034477711377724380634491662047794608303507968
622087878334275075447260739872437270428318544292221618387882421212144347646464
212796879426026531975459450524725472074308927484056655303020187169867447425536
714278531405426475618090095515691862919057009936484247883243574410398988524032
143840738458276538052596411156955981914177634741098700894777260635237661825536
224693931711229019633785332479465187860125111900348486591580614365473000000000
000812891546560320485007855637762606680240655614020250605757967392961789336064
905180754282337003388186085600145721766426300692559363746842408530633000000000
651765162157141049708025380002258230024160384010475762074381409810817000000000
654004618623606752297315209884290880344437836651335454230863920428645525735936
584901088713880085462350196483727210279096119578294328578274511016854604204544
507077084120012395214208201162684922428361383538753177641893001434371557558784
471817486117514976918922130977762635644054209554578976281666754294433557907968
042696446170775940635139877428678027874518543550016374158243601874577062124032
925996486201073390852900992072613712950979057694901068620625452872468118936064
305782826836478054348800112216678236149752285181976672749532568968721893558784
212796879426026531975459450524725472074308927484056655303020187169867447425536
714278531405426475618090095515691862919057009936484247883243574410398988524032
624835056167675888001860637898278840707298331176156794586955363837452737747456
181644335495516723733909297421258971979778550653187610391089849330633000000000
212796879426026531975459450524725472074308927484056655303020187169867447425536
339295803392007034867651039413639005737887553924197942262230774503446063335936
212796879426026531975459450524725472074308927484056655303020187169867447425536
125983846925303366473554142924692034477711377724380634491662047794608303507968
120927563342032953339391304175373787117952781416715762074381409810817000000000
267800886547742292114200631650169666308722636323890329365262047794608303507968
212796879426026531975459450524725472074308927484056655303020187169867447425536
212796879426026531975459450524725472074308927484056655303020187169867447425536
946739025865776800090624270842758314485192420471937817220576109490817000000000
714278531405426475618090095515691862919057009936484247883243574410398988524032
970177751740186066022389437656054813244933687413846447483247412210633000000000
709520625794682632794137010991727854255434995493855154301183962890625000000000
245180139392885498616133109068990583906026737444548240100843574410398988524032
622087878334275075447260739872437270428318544292221618387882421212144347646464
566408169696555426798790601293807970481164031103757992179815394594946197735936
050384345445681649512527985861365522535679446846089491098093197405473000000000
125983846925303366473554142924692034477711377724380634491662047794608303507968
934052001560970260901718771844520972075323846807874138942946844953842941336064
050384345445681649512527985861365522535679446846089491098093197405473000000000
816406893790704226716249615949200549734044631011313592570220187169867447425536
624835056167675888001860637898278840707298331176156794586955363837452737747456
206230960368223963764114370433225674412394724569876305429433791015625000000000
777171837966970959616913074790458556816615557993855154301183962890625000000000
816406893790704226716249615949200549734044631011313592570220187169867447425536
938832170330296449243418219206553830833723460773416949350378888793141119158784
849048416714873854731077896058910076854712400826234629132358298891774642604544
381841836323405770610456321544097807054796241887606844546787454070366256536064
444836429537459982302434776703154790739557110605969539891178888793141119158784
135201853966432536126937472091113988644939117519990579117000834828666751158784
125983846925303366473554142924692034477711377724380634491662047794608303507968
212796879426026531975459450524725472074308927484056655303020187169867447425536
846318733715021716580944271401690922079046103271137817220576109490817000000000
525689527122145280390745391614403451107095137841654877434704733170633000000000
134804209381173142847924527937693841145134142322167840566948415747286694124032
777171837966970959616913074790458556816615557993855154301183962890625000000000
120927563342032953339391304175373787117952781416715762074381409810817000000000
212796879426026531975459450524725472074308927484056655303020187169867447425536
624835056167675888001860637898278840707298331176156794586955363837452737747456
096945429374155062438940844133139266551839261170817817220576109490817000000000
968296548237304803075188573952064907027097000438261266047825452872468118936064
151456097553289281797223890635918536105062098891105524333482421212144347646464
206230960368223963764114370433225674412394724569876305429433791015625000000000
651765162157141049708025380002258230024160384010475762074381409810817000000000
764343915129502878416054676600623313159996218539833847007746462890625000000000
946739025865776800090624270842758314485192420471937817220576109490817000000000
237743842431633150329404413277818993123967000829191257134290307130944997558784
125983846925303366473554142924692034477711377724380634491662047794608303507968
905180754282337003388186085600145721766426300692559363746842408530633000000000
050384345445681649512527985861365522535679446846089491098093197405473000000000
651765162157141049708025380002258230024160384010475762074381409810817000000000
714278531405426475618090095515691862919057009936484247883243574410398988524032
968296548237304803075188573952064907027097000438261266047825452872468118936064
934052001560970260901718771844520972075323846807874138942946844953842941336064
125983846925303366473554142924692034477711377724380634491662047794608303507968
913550017098116229162526339858300943981850470685135054768463920428645525735936
583778315991641396706502708135587922519952150549321867785457872605473000000000
714278531405426475618090095515691862919057009936484247883243574410398988524032
925996486201073390852900992072613712950979057694901068620625452872468118936064
381841836323405770610456321544097807054796241887606844546787454070366256536064
112971744594402351761288482380137815536840404234781281534442128370633000000000
153639043603966784687540919567349052979193822616177864916922230727977000000000
052511131360680470153532851283363845712219490539159128908625452872468118936064
849048416714873854731077896058910076854712400826234629132358298891774642604544
691384600023470816945370302074301750101905107884747442448111792875232331958784
125983846925303366473554142924692034477711377724380634491662047794608303507968
808933122708356515404960473674018051691972952450180057574852965692831205804544
560918988426197372016426846070003739010116802397875736552810604487977000000000
435001271967828904677734679165960555741067401692006601715687425316871244204544
212796879426026531975459450524725472074308927484056655303020187169867447425536
507077084120012395214208201162684922428361383538753177641893001434371557558784
159625723158167273554374470590212470536044114295959981813049292370633000000000
224693931711229019633785332479465187860125111900348486591580614365473000000000
569824675737755968786038627613549336470941185767548751712620187169867447425536
968296548237304803075188573952064907027097000438261266047825452872468118936064
963158746541947293204511385463173796698889495045654877434704733170633000000000
212796879426026531975459450524725472074308927484056655303020187169867447425536
125983846925303366473554142924692034477711377724380634491662047794608303507968
125983846925303366473554142924692034477711377724380634491662047794608303507968
497487492026629950476562309896481527867372396422035555814930511965473000000000
849048416714873854731077896058910076854712400826234629132358298891774642604544
305782826836478054348800112216678236149752285181976672749532568968721893558784
900802481566823939149429136262366755792567406039833847007746462890625000000000
200018640801758435202879570404417882794546507366294877434704733170633000000000
816406893790704226716249615949200549734044631011313592570220187169867447425536
261844109955414811039456778820484061296763146700090543903746462890625000000000
709520625794682632794137010991727854255434995493855154301183962890625000000000
714278531405426475618090095515691862919057009936484247883243574410398988524032
364770115712234611338177942874770911404759144393937864916922230727977000000000
873046668328485362954317023184843374391057206390183693201977260635237661825536
125983846925303366473554142924692034477711377724380634491662047794608303507968
153639043603966784687540919567349052979193822616177864916922230727977000000000
471817486117514976918922130977762635644054209554578976281666754294433557907968
067443894035507854669407689047875781167886418475230618547170267533086105033216
494406205605382386490273435406797442891753519007720452598684327507724328147456
507077084120012395214208201162684922428361383538753177641893001434371557558784
816406893790704226716249615949200549734044631011313592570220187169867447425536
120927563342032953339391304175373787117952781416715762074381409810817000000000
787934274584883767835897810847591147894314077933861061469093001434371557558784
949213078727750076095691296433011119427077315484903192858481266869986966936064
212796879426026531975459450524725472074308927484056655303020187169867447425536
212796879426026531975459450524725472074308927484056655303020187169867447425536
134804209381173142847924527937693841145134142322167840566948415747286694124032
212796879426026531975459450524725472074308927484056655303020187169867447425536
318012909081809398607304530624758816705561659838228157032081950734024767724032
435001271967828904677734679165960555741067401692006601715687425316871244204544
672995696140319851151987583380268926829791871565992148347662047794608303507968
339295803392007034867651039413639005737887553924197942262230774503446063335936
212796879426026531975459450524725472074308927484056655303020187169867447425536
815105522481927499969340344165490585926206643742198193281200374822068305025536
355115586361169381765845258345771524266896796189820025428157967392961789336064
584901088713880085462350196483727210279096119578294328578274511016854604204544
134804209381173142847924527937693841145134142322167840566948415747286694124032
809965432026515664742485113375933398208176699825366715777746291015625000000000
487088947719888572158329248745159458680521995177653477231746462890625000000000
355115586361169381765845258345771524266896796189820025428157967392961789336064
050384345445681649512527985861365522535679446846089491098093197405473000000000
129990245886118027614169387008379764639805343286480309249681950734024767724032
584901088713880085462350196483727210279096119578294328578274511016854604204544
856437452592325359187127293325621062161728113287377864916922230727977000000000
651765162157141049708025380002258230024160384010475762074381409810817000000000
286240748007798694299521210139868826068694952613515762074381409810817000000000
584901088713880085462350196483727210279096119578294328578274511016854604204544
279832430161145458100977553008070383241040896700090543903746462890625000000000
381841836323405770610456321544097807054796241887606844546787454070366256536064
112971744594402351761288482380137815536840404234781281534442128370633000000000
052511131360680470153532851283363845712219490539159128908625452872468118936064
990588515183946394021359713081804826360977723537173467056463920428645525735936
125983846925303366473554142924692034477711377724380634491662047794608303507968
151456097553289281797223890635918536105062098891105524333482421212144347646464
345335131045542353396015845617885354843377601331287295914483033667494063507968
212796879426026531975459450524725472074308927484056655303020187169867447425536
237743842431633150329404413277818993123967000829191257134290307130944997558784
212796879426026531975459450524725472074308927484056655303020187169867447425536
777171837966970959616913074790458556816615557993855154301183962890625000000000
174007890185840457927869593716882494753840676107633785428157967392961789336064
396478300638557397352262259623507974258621230645402576694948415747286694124032
134804209381173142847924527937693841145134142322167840566948415747286694124032
785418917723172673671360796668626704905028240258466969365262047794608303507968
125983846925303366473554142924692034477711377724380634491662047794608303507968
054132689629276382602556769867093764166279505962744632819290098003665660135936
497487492026629950476562309896481527867372396422035555814930511965473000000000
497487492026629950476562309896481527867372396422035555814930511965473000000000
584901088713880085462350196483727210279096119578294328578274511016854604204544
212796879426026531975459450524725472074308927484056655303020187169867447425536
174007890185840457927869593716882494753840676107633785428157967392961789336064
905180754282337003388186085600145721766426300692559363746842408530633000000000
269763674510130455586146919002292717341560998810085922424330291577176795646464
295749066195064524783696532816077798112098692102237723980770267533086105033216
614399281070568787725481845203356647806773525409232762665430774503446063335936
286240748007798694299521210139868826068694952613515762074381409810817000000000
125983846925303366473554142924692034477711377724380634491662047794608303507968
237743842431633150329404413277818993123967000829191257134290307130944997558784
809965432026515664742485113375933398208176699825366715777746291015625000000000
212796879426026531975459450524725472074308927484056655303020187169867447425536
881873324207146034985515686404482650747091841139609435123687425316871244204544
991702645890913832504717416773087360415995254565257596642650772097991105747456
237743842431633150329404413277818993123967000829191257134290307130944997558784
381841836323405770610456321544097807054796241887606844546787454070366256536064
709520625794682632794137010991727854255434995493855154301183962890625000000000
809965432026515664742485113375933398208176699825366715777746291015625000000000
714278531405426475618090095515691862919057009936484247883243574410398988524032
212796879426026531975459450524725472074308927484056655303020187169867447425536
714278531405426475618090095515691862919057009936484247883243574410398988524032
355115586361169381765845258345771524266896796189820025428157967392961789336064
067443894035507854669407689047875781167886418475230618547170267533086105033216
212796879426026531975459450524725472074308927484056655303020187169867447425536
134804209381173142847924527937693841145134142322167840566948415747286694124032
614399281070568787725481845203356647806773525409232762665430774503446063335936
212796879426026531975459450524725472074308927484056655303020187169867447425536
798703703075395364401342661752322599628646144435937817220576109490817000000000
200018640801758435202879570404417882794546507366294877434704733170633000000000
342889434950452731467868108648644837758976927906261745875882421212144347646464
305782826836478054348800112216678236149752285181976672749532568968721893558784
389938272066951604009133976146931038802652181244184003264090098003665660135936
494406205605382386490273435406797442891753519007720452598684327507724328147456
125983846925303366473554142924692034477711377724380634491662047794608303507968
245180139392885498616133109068990583906026737444548240100843574410398988524032
125983846925303366473554142924692034477711377724380634491662047794608303507968
212796879426026531975459450524725472074308927484056655303020187169867447425536
212796879426026531975459450524725472074308927484056655303020187169867447425536
873046668328485362954317023184843374391057206390183693201977260635237661825536
052511131360680470153532851283363845712219490539159128908625452872468118936064
286240748007798694299521210139868826068694952613515762074381409810817000000000
286240748007798694299521210139868826068694952613515762074381409810817000000000
525689527122145280390745391614403451107095137841654877434704733170633000000000
846318733715021716580944271401690922079046103271137817220576109490817000000000
838742231316804327155785848885725491967666580058466227389772888483125697747456
125983846925303366473554142924692034477711377724380634491662047794608303507968
062651814420094080386108292264670680776277337075860092301032328925473000000000
930042399426341776080399163147748708712943879301921469839830774503446063335936
941196504947448961421530044197612873218898886574328665904831905001929803958784
714278531405426475618090095515691862919057009936484247883243574410398988524032
990588515183946394021359713081804826360977723537173467056463920428645525735936
183950176026389398102389358820968186270875509367973778887890307130944997558784
881873324207146034985515686404482650747091841139609435123687425316871244204544
584901088713880085462350196483727210279096119578294328578274511016854604204544
877830122736806262803773694026528644120579631216054241940690307130944997558784
062651814420094080386108292264670680776277337075860092301032328925473000000000
562043876453874891405094277903333222401466295880740311808272808487977000000000
212796879426026531975459450524725472074308927484056655303020187169867447425536
212796879426026531975459450524725472074308927484056655303020187169867447425536
856437452592325359187127293325621062161728113287377864916922230727977000000000
135201853966432536126937472091113988644939117519990579117000834828666751158784
651765162157141049708025380002258230024160384010475762074381409810817000000000
654004618623606752297315209884290880344437836651335454230863920428645525735936
237743842431633150329404413277818993123967000829191257134290307130944997558784
938832170330296449243418219206553830833723460773416949350378888793141119158784
569824675737755968786038627613549336470941185767548751712620187169867447425536
212796879426026531975459450524725472074308927484056655303020187169867447425536
806202945964949045417245074120291488228141378134486447483247412210633000000000
497487492026629950476562309896481527867372396422035555814930511965473000000000
809926197611863019883221834004798648566318660453988592276690307130944997558784
112971744594402351761288482380137815536840404234781281534442128370633000000000
125983846925303366473554142924692034477711377724380634491662047794608303507968
624835056167675888001860637898278840707298331176156794586955363837452737747456
471817486117514976918922130977762635644054209554578976281666754294433557907968
905180754282337003388186085600145721766426300692559363746842408530633000000000
856437452592325359187127293325621062161728113287377864916922230727977000000000
125983846925303366473554142924692034477711377724380634491662047794608303507968
916214077924840242291946308902058252246998113036056256195484327507724328147456
279832430161145458100977553008070383241040896700090543903746462890625000000000
089848254748198723391631317931163922446282209419443215815020187169867447425536
212796879426026531975459450524725472074308927484056655303020187169867447425536
002885367615953796444833473214143353173995953579958350562292292940699852233216
714278531405426475618090095515691862919057009936484247883243574410398988524032
714278531405426475618090095515691862919057009936484247883243574410398988524032
339295803392007034867651039413639005737887553924197942262230774503446063335936
949213078727750076095691296433011119427077315484903192858481266869986966936064
125983846925303366473554142924692034477711377724380634491662047794608303507968
339295803392007034867651039413639005737887553924197942262230774503446063335936
196796244801553664126323972148680063410704874798108908122087425316871244204544
125983846925303366473554142924692034477711377724380634491662047794608303507968
125983846925303366473554142924692034477711377724380634491662047794608303507968
654004618623606752297315209884290880344437836651335454230863920428645525735936
212796879426026531975459450524725472074308927484056655303020187169867447425536
471817486117514976918922130977762635644054209554578976281666754294433557907968
644705224415345651280145436282326061830690548129230978174443574410398988524032
525689527122145280390745391614403451107095137841654877434704733170633000000000
089397872872262887038697326608481352885353515448779942732625452872468118936064
379394813218329112662721934185102289791412813069625267389772888483125697747456
245180139392885498616133109068990583906026737444548240100843574410398988524032
651765162157141049708025380002258230024160384010475762074381409810817000000000
691384600023470816945370302074301750101905107884747442448111792875232331958784
714278531405426475618090095515691862919057009936484247883243574410398988524032
512323175178363436674363704459735900293500344142050383799334748449019365558784
471817486117514976918922130977762635644054209554578976281666754294433557907968
846318733715021716580944271401690922079046103271137817220576109490817000000000
732293615576060812627134243820984860907715204316164992886511792875232331958784
345335131045542353396015845617885354843377601331287295914483033667494063507968
355115586361169381765845258345771524266896796189820025428157967392961789336064
584901088713880085462350196483727210279096119578294328578274511016854604204544
125983846925303366473554142924692034477711377724380634491662047794608303507968
286240748007798694299521210139868826068694952613515762074381409810817000000000
809926197611863019883221834004798648566318660453988592276690307130944997558784
134804209381173142847924527937693841145134142322167840566948415747286694124032
062651814420094080386108292264670680776277337075860092301032328925473000000000
849048416714873854731077896058910076854712400826234629132358298891774642604544
777171837966970959616913074790458556816615557993855154301183962890625000000000
125983846925303366473554142924692034477711377724380634491662047794608303507968
714278531405426475618090095515691862919057009936484247883243574410398988524032
120927563342032953339391304175373787117952781416715762074381409810817000000000
714278531405426475618090095515691862919057009936484247883243574410398988524032
968296548237304803075188573952064907027097000438261266047825452872468118936064
212796879426026531975459450524725472074308927484056655303020187169867447425536
096945429374155062438940844133139266551839261170817817220576109490817000000000
709520625794682632794137010991727854255434995493855154301183962890625000000000
654004618623606752297315209884290880344437836651335454230863920428645525735936
849048416714873854731077896058910076854712400826234629132358298891774642604544
318012909081809398607304530624758816705561659838228157032081950734024767724032
000812891546560320485007855637762606680240655614020250605757967392961789336064
651765162157141049708025380002258230024160384010475762074381409810817000000000
265576408547809904804610944883196465145995768130466895303020187169867447425536
622087878334275075447260739872437270428318544292221618387882421212144347646464
137820734451782334777620278994263047268922453307116106346148415747286694124032
856437452592325359187127293325621062161728113287377864916922230727977000000000
899232283179421320149165625867741532885893370688269672231843601874577062124032
900802481566823939149429136262366755792567406039833847007746462890625000000000
889557302765556749307316027711732525964170724569876305429433791015625000000000
977253513407880669325631926608303141485961514938000203320657343165473000000000
963158746541947293204511385463173796698889495045654877434704733170633000000000
371128616413065730920418449007231110329851084798942430540770267533086105033216
525689527122145280390745391614403451107095137841654877434704733170633000000000
042696446170775940635139877428678027874518543550016374158243601874577062124032
261844109955414811039456778820484061296763146700090543903746462890625000000000
977253513407880669325631926608303141485961514938000203320657343165473000000000
089397872872262887038697326608481352885353515448779942732625452872468118936064
206230960368223963764114370433225674412394724569876305429433791015625000000000
889557302765556749307316027711732525964170724569876305429433791015625000000000
949213078727750076095691296433011119427077315484903192858481266869986966936064
838742231316804327155785848885725491967666580058466227389772888483125697747456
342889434950452731467868108648644837758976927906261745875882421212144347646464
224693931711229019633785332479465187860125111900348486591580614365473000000000
525689527122145280390745391614403451107095137841654877434704733170633000000000
881873324207146034985515686404482650747091841139609435123687425316871244204544
714278531405426475618090095515691862919057009936484247883243574410398988524032
809926197611863019883221834004798648566318660453988592276690307130944997558784
212796879426026531975459450524725472074308927484056655303020187169867447425536
588986257761545205998610425591377774136346765173944697160692292940699852233216
569824675737755968786038627613549336470941185767548751712620187169867447425536
125983846925303366473554142924692034477711377724380634491662047794608303507968
062651814420094080386108292264670680776277337075860092301032328925473000000000
135201853966432536126937472091113988644939117519990579117000834828666751158784
125983846925303366473554142924692034477711377724380634491662047794608303507968
067443894035507854669407689047875781167886418475230618547170267533086105033216
494406205605382386490273435406797442891753519007720452598684327507724328147456
279832430161145458100977553008070383241040896700090543903746462890625000000000
148790201373039036994469472609668301126740562697264598763793649010633000000000
125983846925303366473554142924692034477711377724380634491662047794608303507968
899232283179421320149165625867741532885893370688269672231843601874577062124032
899232283179421320149165625867741532885893370688269672231843601874577062124032
905180754282337003388186085600145721766426300692559363746842408530633000000000
135201853966432536126937472091113988644939117519990579117000834828666751158784
212796879426026531975459450524725472074308927484056655303020187169867447425536
838742231316804327155785848885725491967666580058466227389772888483125697747456
583778315991641396706502708135587922519952150549321867785457872605473000000000
714278531405426475618090095515691862919057009936484247883243574410398988524032
714278531405426475618090095515691862919057009936484247883243574410398988524032
206230960368223963764114370433225674412394724569876305429433791015625000000000
381841836323405770610456321544097807054796241887606844546787454070366256536064
125983846925303366473554142924692034477711377724380634491662047794608303507968
962817569241636629604939983710293958235586767492784598763793649010633000000000
002885367615953796444833473214143353173995953579958350562292292940699852233216
355115586361169381765845258345771524266896796189820025428157967392961789336064
963158746541947293204511385463173796698889495045654877434704733170633000000000
815105522481927499969340344165490585926206643742198193281200374822068305025536
303220507843936518905041575575582879587695228037250071951830774503446063335936
872914853641894243795065686098718424062091273108249124172770267533086105033216
487002049960746915695240367754253125217993853559101281534442128370633000000000
691384600023470816945370302074301750101905107884747442448111792875232331958784
125983846925303366473554142924692034477711377724380634491662047794608303507968
497487492026629950476562309896481527867372396422035555814930511965473000000000
125983846925303366473554142924692034477711377724380634491662047794608303507968
125983846925303366473554142924692034477711377724380634491662047794608303507968
571455103899899087644812273483157064569663629408443569690800374822068305025536
856437452592325359187127293325621062161728113287377864916922230727977000000000
877830122736806262803773694026528644120579631216054241940690307130944997558784
305782826836478054348800112216678236149752285181976672749532568968721893558784
325428059220439239659151646704563013622996210245367242127830774503446063335936
846318733715021716580944271401690922079046103271137817220576109490817000000000
355115586361169381765845258345771524266896796189820025428157967392961789336064
355115586361169381765845258345771524266896796189820025428157967392961789336064
339295803392007034867651039413639005737887553924197942262230774503446063335936
845227760618907578103667905189076637799929169220004015105681950734024767724032
714278531405426475618090095515691862919057009936484247883243574410398988524032
916214077924840242291946308902058252246998113036056256195484327507724328147456
174007890185840457927869593716882494753840676107633785428157967392961789336064
905180754282337003388186085600145721766426300692559363746842408530633000000000
067443894035507854669407689047875781167886418475230618547170267533086105033216
624835056167675888001860637898278840707298331176156794586955363837452737747456
816406893790704226716249615949200549734044631011313592570220187169867447425536
206230960368223963764114370433225674412394724569876305429433791015625000000000
809965432026515664742485113375933398208176699825366715777746291015625000000000
125983846925303366473554142924692034477711377724380634491662047794608303507968
446694299059324051183819505240697310904390127213344550286243601874577062124032
938832170330296449243418219206553830833723460773416949350378888793141119158784
125983846925303366473554142924692034477711377724380634491662047794608303507968
809926197611863019883221834004798648566318660453988592276690307130944997558784
968296548237304803075188573952064907027097000438261266047825452872468118936064
135201853966432536126937472091113988644939117519990579117000834828666751158784
816406893790704226716249615949200549734044631011313592570220187169867447425536
212796879426026531975459450524725472074308927484056655303020187169867447425536
881873324207146034985515686404482650747091841139609435123687425316871244204544
930042399426341776080399163147748708712943879301921469839830774503446063335936
709520625794682632794137010991727854255434995493855154301183962890625000000000
237743842431633150329404413277818993123967000829191257134290307130944997558784
688448314675941581161179388855937634856410158276955702262230774503446063335936
125983846925303366473554142924692034477711377724380634491662047794608303507968
212796879426026531975459450524725472074308927484056655303020187169867447425536
560918988426197372016426846070003739010116802397875736552810604487977000000000
809965432026515664742485113375933398208176699825366715777746291015625000000000
970177751740186066022389437656054813244933687413846447483247412210633000000000
881873324207146034985515686404482650747091841139609435123687425316871244204544
946739025865776800090624270842758314485192420471937817220576109490817000000000
777171837966970959616913074790458556816615557993855154301183962890625000000000
916214077924840242291946308902058252246998113036056256195484327507724328147456
507077084120012395214208201162684922428361383538753177641893001434371557558784
125983846925303366473554142924692034477711377724380634491662047794608303507968
970177751740186066022389437656054813244933687413846447483247412210633000000000
279832430161145458100977553008070383241040896700090543903746462890625000000000
487002049960746915695240367754253125217993853559101281534442128370633000000000
949213078727750076095691296433011119427077315484903192858481266869986966936064
237743842431633150329404413277818993123967000829191257134290307130944997558784
224693931711229019633785332479465187860125111900348486591580614365473000000000
441724492213457832829989547110580795478044817551276949597084327507724328147456
809965432026515664742485113375933398208176699825366715777746291015625000000000
968296548237304803075188573952064907027097000438261266047825452872468118936064
714278531405426475618090095515691862919057009936484247883243574410398988524032
838742231316804327155785848885725491967666580058466227389772888483125697747456
125983846925303366473554142924692034477711377724380634491662047794608303507968
938832170330296449243418219206553830833723460773416949350378888793141119158784
849048416714873854731077896058910076854712400826234629132358298891774642604544
785418917723172673671360796668626704905028240258466969365262047794608303507968
691384600023470816945370302074301750101905107884747442448111792875232331958784
798703703075395364401342661752322599628646144435937817220576109490817000000000
237743842431633150329404413277818993123967000829191257134290307130944997558784
622087878334275075447260739872437270428318544292221618387882421212144347646464
345335131045542353396015845617885354843377601331287295914483033667494063507968
303220507843936518905041575575582879587695228037250071951830774503446063335936
325428059220439239659151646704563013622996210245367242127830774503446063335936
050384345445681649512527985861365522535679446846089491098093197405473000000000
588986257761545205998610425591377774136346765173944697160692292940699852233216
672995696140319851151987583380268926829791871565992148347662047794608303507968
584901088713880085462350196483727210279096119578294328578274511016854604204544
877830122736806262803773694026528644120579631216054241940690307130944997558784
125983846925303366473554142924692034477711377724380634491662047794608303507968
125983846925303366473554142924692034477711377724380634491662047794608303507968
389938272066951604009133976146931038802652181244184003264090098003665660135936
709520625794682632794137010991727854255434995493855154301183962890625000000000
889557302765556749307316027711732525964170724569876305429433791015625000000000
494406205605382386490273435406797442891753519007720452598684327507724328147456
982199121138277541231025811558323122230515859901863650711231905001929803958784
856437452592325359187127293325621062161728113287377864916922230727977000000000
595793820385005574698874231731835618206214195087369491098093197405473000000000
877830122736806262803773694026528644120579631216054241940690307130944997558784
714278531405426475618090095515691862919057009936484247883243574410398988524032
125983846925303366473554142924692034477711377724380634491662047794608303507968
714278531405426475618090095515691862919057009936484247883243574410398988524032
134804209381173142847924527937693841145134142322167840566948415747286694124032
089848254748198723391631317931163922446282209419443215815020187169867447425536
364418202158984035601820168931995430932061235060413725653433791015625000000000
968296548237304803075188573952064907027097000438261266047825452872468118936064
877830122736806262803773694026528644120579631216054241940690307130944997558784
000812891546560320485007855637762606680240655614020250605757967392961789336064
048433781076597740591813352624101921721742328482735119049698518178647525558784
806239784887680099395378913042527087056773931750245447190863920428645525735936
930042399426341776080399163147748708712943879301921469839830774503446063335936
881873324207146034985515686404482650747091841139609435123687425316871244204544
900802481566823939149429136262366755792567406039833847007746462890625000000000
654004618623606752297315209884290880344437836651335454230863920428645525735936
125983846925303366473554142924692034477711377724380634491662047794608303507968
237743842431633150329404413277818993123967000829191257134290307130944997558784
560918988426197372016426846070003739010116802397875736552810604487977000000000
435001271967828904677734679165960555741067401692006601715687425316871244204544
212796879426026531975459450524725472074308927484056655303020187169867447425536
977253513407880669325631926608303141485961514938000203320657343165473000000000
325428059220439239659151646704563013622996210245367242127830774503446063335936
562043876453874891405094277903333222401466295880740311808272808487977000000000
583778315991641396706502708135587922519952150549321867785457872605473000000000
289373311216791199880941364655904092863183206763510181185355363837452737747456
212796879426026531975459450524725472074308927484056655303020187169867447425536
808933122708356515404960473674018051691972952450180057574852965692831205804544
153639043603966784687540919567349052979193822616177864916922230727977000000000
949213078727750076095691296433011119427077315484903192858481266869986966936064
267800886547742292114200631650169666308722636323890329365262047794608303507968
809965432026515664742485113375933398208176699825366715777746291015625000000000
970177751740186066022389437656054813244933687413846447483247412210633000000000
873046668328485362954317023184843374391057206390183693201977260635237661825536
816406893790704226716249615949200549734044631011313592570220187169867447425536
471817486117514976918922130977762635644054209554578976281666754294433557907968
125983846925303366473554142924692034477711377724380634491662047794608303507968
125983846925303366473554142924692034477711377724380634491662047794608303507968
905180754282337003388186085600145721766426300692559363746842408530633000000000
042696446170775940635139877428678027874518543550016374158243601874577062124032
212796879426026531975459450524725472074308927484056655303020187169867447425536
261844109955414811039456778820484061296763146700090543903746462890625000000000
970177751740186066022389437656054813244933687413846447483247412210633000000000
968296548237304803075188573952064907027097000438261266047825452872468118936064
856437452592325359187127293325621062161728113287377864916922230727977000000000
067443894035507854669407689047875781167886418475230618547170267533086105033216
212796879426026531975459450524725472074308927484056655303020187169867447425536
212796879426026531975459450524725472074308927484056655303020187169867447425536
261844109955414811039456778820484061296763146700090543903746462890625000000000
494406205605382386490273435406797442891753519007720452598684327507724328147456
977253513407880669325631926608303141485961514938000203320657343165473000000000
089397872872262887038697326608481352885353515448779942732625452872468118936064
471817486117514976918922130977762635644054209554578976281666754294433557907968
139633660346477701491902220161076046794268555454326447483247412210633000000000
125983846925303366473554142924692034477711377724380634491662047794608303507968
877830122736806262803773694026528644120579631216054241940690307130944997558784
089848254748198723391631317931163922446282209419443215815020187169867447425536
846318733715021716580944271401690922079046103271137817220576109490817000000000
303220507843936518905041575575582879587695228037250071951830774503446063335936
296338245871080964513005990399474300615058852873917246452643601874577062124032
815105522481927499969340344165490585926206643742198193281200374822068305025536
991702645890913832504717416773087360415995254565257596642650772097991105747456
286240748007798694299521210139868826068694952613515762074381409810817000000000
732293615576060812627134243820984860907715204316164992886511792875232331958784
785418917723172673671360796668626704905028240258466969365262047794608303507968
245180139392885498616133109068990583906026737444548240100843574410398988524032
808933122708356515404960473674018051691972952450180057574852965692831205804544
125983846925303366473554142924692034477711377724380634491662047794608303507968
494406205605382386490273435406797442891753519007720452598684327507724328147456
877830122736806262803773694026528644120579631216054241940690307130944997558784
212796879426026531975459450524725472074308927484056655303020187169867447425536
000812891546560320485007855637762606680240655614020250605757967392961789336064
905180754282337003388186085600145721766426300692559363746842408530633000000000
856437452592325359187127293325621062161728113287377864916922230727977000000000
512323175178363436674363704459735900293500344142050383799334748449019365558784
212796879426026531975459450524725472074308927484056655303020187169867447425536
785418917723172673671360796668626704905028240258466969365262047794608303507968
777171837966970959616913074790458556816615557993855154301183962890625000000000
583778315991641396706502708135587922519952150549321867785457872605473000000000
816406893790704226716249615949200549734044631011313592570220187169867447425536
125983846925303366473554142924692034477711377724380634491662047794608303507968
120927563342032953339391304175373787117952781416715762074381409810817000000000
286240748007798694299521210139868826068694952613515762074381409810817000000000
990588515183946394021359713081804826360977723537173467056463920428645525735936
048433781076597740591813352624101921721742328482735119049698518178647525558784
149072760252741340151733732190174928033022951153135971725287425316871244204544
714278531405426475618090095515691862919057009936484247883243574410398988524032
938832170330296449243418219206553830833723460773416949350378888793141119158784
584901088713880085462350196483727210279096119578294328578274511016854604204544
846318733715021716580944271401690922079046103271137817220576109490817000000000
434437598347947628838579200330254891590770144327487618174443574410398988524032
806202945964949045417245074120291488228141378134486447483247412210633000000000
338864970685659437946218439793725402208854092974173233773482421212144347646464
570320503249903659346020537400750642625187922997544237392934748449019365558784
889557302765556749307316027711732525964170724569876305429433791015625000000000
873046668328485362954317023184843374391057206390183693201977260635237661825536
916214077924840242291946308902058252246998113036056256195484327507724328147456
970177751740186066022389437656054813244933687413846447483247412210633000000000
212796879426026531975459450524725472074308927484056655303020187169867447425536
949213078727750076095691296433011119427077315484903192858481266869986966936064
212796879426026531975459450524725472074308927484056655303020187169867447425536
345335131045542353396015845617885354843377601331287295914483033667494063507968
125983846925303366473554142924692034477711377724380634491662047794608303507968
062651814420094080386108292264670680776277337075860092301032328925473000000000
212796879426026531975459450524725472074308927484056655303020187169867447425536
245180139392885498616133109068990583906026737444548240100843574410398988524032
125983846925303366473554142924692034477711377724380634491662047794608303507968
042696446170775940635139877428678027874518543550016374158243601874577062124032
714278531405426475618090095515691862919057009936484247883243574410398988524032
566408169696555426798790601293807970481164031103757992179815394594946197735936
905180754282337003388186085600145721766426300692559363746842408530633000000000
089397872872262887038697326608481352885353515448779942732625452872468118936064
174007890185840457927869593716882494753840676107633785428157967392961789336064
089397872872262887038697326608481352885353515448779942732625452872468118936064
125983846925303366473554142924692034477711377724380634491662047794608303507968
212796879426026531975459450524725472074308927484056655303020187169867447425536
507077084120012395214208201162684922428361383538753177641893001434371557558784
096945429374155062438940844133139266551839261170817817220576109490817000000000
212796879426026531975459450524725472074308927484056655303020187169867447425536
