783818402227121929679313571647137656202928886075542243422785573346083068359375
809001271388839613392794469105597490977133461897222540810251120906409849759263
809001271388839613392794469105597490977133461897222540810251120906409849759263
809001271388839613392794469105597490977133461897222540810251120906409849759263
783818402227121929679313571647137656202928886075542243422785573346083068359375
809001271388839613392794469105597490977133461897222540810251120906409849759263
809001271388839613392794469105597490977133461897222540810251120906409849759263
600826415531827036900335546267882528315661529764431525295141286647796630859375
685310343333808455642109060393001318484815720926507852187343329576665439115776
809001271388839613392794469105597490977133461897222540810251120906409849759263
809001271388839613392794469105597490977133461897222540810251120906409849759263
600826415531827036900335546267882528315661529764431525295141286647796630859375
809001271388839613392794469105597490977133461897222540810251120906409849759263
809001271388839613392794469105597490977133461897222540810251120906409849759263
809001271388839613392794469105597490977133461897222540810251120906409849759263
600826415531827036900335546267882528315661529764431525295141286647796630859375
116944927779292943112055259535866379872416206068241354930456107133015508267407
809001271388839613392794469105597490977133461897222540810251120906409849759263
600826415531827036900335546267882528315661529764431525295141286647796630859375
809001271388839613392794469105597490977133461897222540810251120906409849759263
600826415531827036900335546267882528315661529764431525295141286647796630859375
809001271388839613392794469105597490977133461897222540810251120906409849759263
809001271388839613392794469105597490977133461897222540810251120906409849759263
600826415531827036900335546267882528315661529764431525295141286647796630859375
600826415531827036900335546267882528315661529764431525295141286647796630859375
809001271388839613392794469105597490977133461897222540810251120906409849759263
268952372129362653090025306917229113950840323227663404329930343248014424740559
914235898328720036484152342646103830134903205569761926020981762058583068359375
715670890463739947260048427566131923692814172473922196074081914269926476204544
772272764855240256262459151793229128735665534739110912891567085844759408352351
632101609678364490807852878492756076718277699132003134006343781948089599609375
428638358819018981479226186169162249968290715912755574353919862263954762699359
428638358819018981479226186169162249968290715912755574353919862263954762699359
428638358819018981479226186169162249968290715912755574353919862263954762699359
788804330547278111056348626772737662255396246241812258872578177613121046410639
656060107916463089954944219194292914410950569849388214637822438542119943359375
923217693262095600940826058581180405539512250211323631659247099159815724609375
923217693262095600940826058581180405539512250211323631659247099159815724609375
642041217595871187909083147529928736194703930197436582143115513338044683563807
949995915491866555614835862964141393324635197697853026763201802226431241952351
744790446495130875759905550989965424963933347498949691665922587687977000000000
397625207248419131577505913641390299394043027271397383773789959758159547058319
018225695096378128094441419921545927216808085315520347020535541999129161107968
338870677841268005136955761106960601166759020335751732623230596340179443359375
461072915042579334562445503215908327050542262597255337647097626218583068359375
098830881961798581635310525872871232366110889567780246122081914269926476204544
910363041956067409117076584892775543638414384068345515525464857815791897963807
977479329622348486491031046682931851259722170524122222465937756617075084223839
701073646708187113463866816628882057856963332835751732623230596340179443359375
479461679752748782748694536846069612506667732662709353621985504630940710984991
395452739976746179659592349912723497165482740651265083664727829738616943359375
385574262684752806925344407915722077797892684975792946810788046840667724609375
385574262684752806925344407915722077797892684975792946810788046840667724609375
631821090019119412614443892945497356857973017212588835251543128942325631158784
137785905936130757097676657221878126165382355019751049698433791015625000000000
148514238830814576437211844015464476408240923927103367310270553327517350893711
996503201835867323871432144390179840702032315177303025314404013637542724609375
090622137626439177934920325429390982042904102152578155100157752758264539646464
274804059641715066477464399145195578176441367989804520735033169764553563347456
360542455473723473697126723931042401182540030155541673344786998000056811713311
316239299158500771214849410548526075309659189553941590780385504630940710984991
856505302409713242205524699563626503414445520856207633264924446374422568147456
971642775290126165346321658032198911406437116435001993228743413747319532223839
487115433832048078513411331632410920357421683486976663316654013637542724609375
629208651548227551405252064857888902639155607900023165541587473385519168493711
083244773944995508893822766100061374346195625826508504965194886178339989735936
317094924796441876199289735446536805586023230653341759024770931959815724609375
642754924230864757758999462585341124178414073414967151442611960221073662893711
632405826427377947478371591982647460205163312866991582021482614654190724609375
472992362899048003812401736539855623383964739645654518112809754833272073952351
472992362899048003812401736539855623383964739645654518112809754833272073952351
291132379115274051097827229421895711142703161158649256659247099159815724609375
896309517506874558456726125773081607349656253906030262378157188453918938171231
309143030758935075234262730319691756501916270696148499389789959758159547058319
006077191503788255166782364717360682219668956174234481058832724575042724609375
486967440968581797390141827683819313871703298001420021653092168605804443359375
663345965373140898130155189546421539651764238254109875627688614944325286124032
472343766923720347129592317742111800307659343085654087427663445351341751425536
088857762510940248391907138817222417285163035577147765538511463366465673964239
088857762510940248391907138817222417285163035577147765538511463366465673964239
231356120998025774598474712993774991425058755410259514024996291015625000000000
970623679607853684889798441611308874976001698926987130496343128942325631158784
979907064922976488775964767382204913252264290940956219893284443204312591937743
973491127239289041766666086598236112882593546537587625351531721561128237313311
884252659476825090401476892851740365616103880139119944734692224194172991724032
808803148067207300042339045070995620908161251297314210551800256130241150984991
847593437428483902486176608658772910354904400357872259232865306982337805293711
572223426886385846129587538734521144137890812304962812063933650161057456740559
720687724634721611689662627134073216751046210124929827134319177332819622893711
878077212287353596769044401238703779119361742141044104400755065719815724609375
090383382706128533113213558072408186412089700088067802510246488956493280571231
378658241307754101848739420897760145667960625693758921500083089013992077384991
953450658747097191210058843204740738164034932122200819077188004932528888740559
652033403579477091899351919264590691545777995154116432860861298054434228762063
344976825382829908507669279913104292497162827541101008948852078861787941823839
364034736479021549653635732790583464734283137021499726645669528595236443359375
764496280002751887505443449462044711311005110506311709788235136459028655507968
329615507869980814932538549835272968617704066772470520399265306982337805293711
385950235872723341532766524717396256432410161029899901544244032522243340524032
201082076649902971444719841135331997369010804326386328274235227101442949313311
183975909123309667286200267941252956451846909902680449421821905146107029735936
