231819673134456802730313418214286816961620975640630005281891727352691005181240803001269931470346272985027980663853230193933545678725627468272093792995316505132117362141240729484419636333623749262394926819082016109064054437185409238988869606767980035048389978020796074585968133891756905039110193932132021174272

208229973009631601179421029755766619261910973694799670858112822351919455354421852428261486552959418989840631134909336070653978599549311081003229140190948723616474164060748794519466421583175074865825914276807217709571012109016309450365912050891117666955591894188279173467835045771458211146864272564597095923712

270497980914742274331182187325493743557818435453944064683828489945164802877369765934534623148680066835176971568308203959305159368572958285646496629210026849313654982404258897941159436315234834359850819449275116831837253673972055151882541181750024367750309568413846568755787451270618563801708455342987448156160

231819673134456802730313418214286816961620975640630005281891727352691005181240803001269931470346272985027980663853230193933545678725627468272093792995316505132117362141240729484419636333623749262394926819082016109064054437185409238988869606767980035048389978020796074585968133891756905039110193932132021174272

208229973009631601179421029755766619261910973694799670858112822351919455354421852428261486552959418989840631134909336070653978599549311081003229140190948723616474164060748794519466421583175074865825914276807217709571012109016309450365912050891117666955591894188279173467835045771458211146864272564597095923712

270497980914742274331182187325493743557818435453944064683828489945164802877369765934534623148680066835176971568308203959305159368572958285646496629210026849313654982404258897941159436315234834359850819449275116831837253673972055151882541181750024367750309568413846568755787451270618563801708455342987448156160

